1 task1 low life 0 2024 7 8 11 50 2024 7 8 11 45
2 task2 middle play 0 2024 7 8 12 30 2024 7 8 12 25
3 task3 high work 0 2024 7 8 13 15 2024 7 8 13 10
4 task4 emergent study 0 2024 7 8 14 0 2024 7 8 13 55
5 task5 low life 0 2024 7 8 14 45 2024 7 8 14 40
6 task6 middle play 0 2024 7 8 15 30 2024 7 8 15 25
7 task7 high work 0 2024 7 8 16 15 2024 7 8 16 10
8 task8 emergent study 0 2024 7 8 17 0 2024 7 8 16 55
9 task9 low life 0 2024 7 8 17 45 2024 7 8 17 40
11 task11 high work 0 2024 7 8 19 15 2024 7 8 19 10
12 task12 emergent study 0 2024 7 8 20 0 2024 7 8 19 55
13 task13 low life 0 2024 7 8 20 45 2024 7 8 20 40
14 task14 middle play 0 2024 7 8 21 30 2024 7 8 21 25
15 task15 high work 0 2024 7 8 22 15 2024 7 8 22 10
16 task16 emergent study 0 2024 7 8 23 0 2024 7 8 22 55
17 task17 low life 0 2024 7 9 9 45 2024 7 9 9 40
18 task18 middle play 0 2024 7 9 10 30 2024 7 9 10 25
19 task19 high work 0 2024 7 9 11 15 2024 7 9 11 10
21 task21 low life 0 2024 7 9 12 45 2024 7 9 12 40
22 task22 middle play 0 2024 7 9 13 30 2024 7 9 13 25
23 task23 high work 0 2024 7 9 14 15 2024 7 9 14 10
24 task24 emergent study 0 2024 7 9 15 0 2024 7 9 14 55
25 task25 low life 0 2024 7 9 15 45 2024 7 9 15 40
26 task26 middle play 0 2024 7 9 16 30 2024 7 9 16 25
27 task27 high work 0 2024 7 9 17 15 2024 7 9 17 10
28 task28 emergent study 0 2024 7 9 18 0 2024 7 9 17 55
29 task29 low life 0 2024 7 9 18 45 2024 7 9 18 40
31 task31 high work 0 2024 7 9 20 15 2024 7 9 20 10
32 task32 emergent study 0 2024 7 9 21 0 2024 7 9 20 55
33 task33 low life 0 2024 7 9 21 45 2024 7 9 21 40
34 task34 middle play 0 2024 7 9 22 30 2024 7 9 22 25
35 task35 high work 0 2024 7 9 23 15 2024 7 9 23 10
36 task36 emergent study 0 2024 7 10 9 0 2024 7 10 8 55
37 task37 low life 0 2024 7 10 9 45 2024 7 10 9 40
38 task38 middle play 0 2024 7 10 10 30 2024 7 10 10 25
39 task39 high work 0 2024 7 10 11 15 2024 7 10 11 10
