1 task1 low life 0 2024 7 8 11 50 2024 7 8 11 45
2 task2 middle play 0 2024 7 8 12 30 2024 7 8 12 25
3 task3 high work 0 2024 7 8 13 15 2024 7 8 13 10
4 task4 emergent study 0 2024 7 8 14 0 2024 7 7 13 55
5 task5 low life 0 2024 7 8 14 45 2024 7 6 14 40
6 task6 middle play 0 2024 7 8 15 30 2024 7 5 15 25
7 task7 high work 0 2024 7 8 16 15 2024 7 5 16 10
8 task8 emergent study 0 2024 7 8 17 0 2024 7 4 16 55
9 task9 low life 0 2024 7 8 17 45 2024 7 4 17 40
10 task10 high work 0 2024 7 8 19 15 2024 7 8 19 10
11 task11 emergent study 0 2024 7 8 20 0 2024 7 8 19 55
12 测试1 middle life 0 2023 10 8 10 8 2023 7 10 14 21
13 测试2 middle life 0 2023 10 8 10 0 2023 7 10 14 27
14 测试3 middle life 0 2023 10 8 10 8 2023 7 10 14 33
15 test000 middle life 0 2023 10 8 10 0 2023 7 10 16 45
